Tweb         Tcore final  
20           36.5106      
20.02        36.5107      
20.04        36.5107      
20.06        36.5107      
20.08        36.5108      
20.1         36.5108      
20.12        36.5108      
20.14        36.5109      
20.16        36.5109      
20.18        36.5109      
20.2         36.511       
20.22        36.511       
20.24        36.511       
20.26        36.5111      
20.28        36.5111      
20.3         36.5111      
20.32        36.5112      
20.34        36.5112      
20.36        36.5112      
20.38        36.5113      
20.4         36.5113      
20.42        36.5113      
20.44        36.5114      
20.46        36.5114      
20.48        36.5114      
20.5         36.5115      
20.52        36.5115      
20.54        36.5115      
20.56        36.5116      
20.58        36.5116      
20.6         36.5116      
20.62        36.5117      
20.64        36.5117      
20.66        36.5117      
20.68        36.5118      
20.7         36.5118      
20.72        36.5118      
20.74        36.5119      
20.76        36.5119      
20.78        36.5119      
20.8         36.512       
20.82        36.512       
20.84        36.512       
20.86        36.5121      
20.88        36.5121      
20.9         36.5121      
20.92        36.5122      
20.94        36.5122      
20.96        36.5122      
20.98        36.5123      
21           36.5123      
21.02        36.5123      
21.04        36.5124      
21.06        36.5124      
21.08        36.5124      
21.1         36.5125      
21.12        36.5125      
21.14        36.5125      
21.16        36.5126      
21.18        36.5126      
21.2         36.5126      
21.22        36.5127      
21.24        36.5127      
21.26        36.5127      
21.28        36.5128      
21.3         36.5128      
21.32        36.5128      
21.34        36.5129      
21.36        36.5129      
21.38        36.5129      
21.4         36.513       
21.42        36.513       
21.44        36.513       
21.46        36.5131      
21.48        36.5131      
21.5         36.5131      
21.52        36.5132      
21.54        36.5132      
21.56        36.5132      
21.58        36.5133      
21.6         36.5133      
21.62        36.5133      
21.64        36.5133      
21.66        36.5134      
21.68        36.5134      
21.7         36.5134      
21.72        36.5135      
21.74        36.5135      
21.76        36.5135      
21.78        36.5136      
21.8         36.5136      
21.82        36.5136      
21.84        36.5137      
21.86        36.5137      
21.88        36.5137      
21.9         36.5138      
21.92        36.5138      
21.94        36.5138      
21.96        36.5139      
21.98        36.5139      
22           36.5139      
22.02        36.514       
22.04        36.514       
22.06        36.514       
22.08        36.5141      
22.1         36.5141      
22.12        36.5141      
22.14        36.5142      
22.16        36.5142      
22.18        36.5142      
22.2         36.5142      
22.22        36.5143      
22.24        36.5143      
22.26        36.5143      
22.28        36.5144      
22.3         36.5144      
22.32        36.5144      
22.34        36.5145      
22.36        36.5145      
22.38        36.5145      
22.4         36.5146      
22.42        36.5146      
22.44        36.5146      
22.46        36.5147      
22.48        36.5147      
22.5         36.5147      
22.52        36.5147      
22.54        36.5148      
22.56        36.5148      
22.58        36.5148      
22.6         36.5149      
22.62        36.5149      
22.64        36.5149      
22.66        36.515       
22.68        36.515       
22.7         36.515       
22.72        36.515       
22.74        36.5151      
22.76        36.5151      
22.78        36.5151      
22.8         36.5152      
22.82        36.5152      
22.84        36.5152      
22.86        36.5152      
22.88        36.5153      
22.9         36.5153      
22.92        36.5153      
22.94        36.5154      
22.96        36.5154      
22.98        36.5154      
23           36.5155      
23.02        36.5155      
23.04        36.5155      
23.06        36.5155      
23.08        36.5156      
23.1         36.5156      
23.12        36.5156      
23.14        36.5156      
23.16        36.5157      
23.18        36.5157      
23.2         36.5157      
23.22        36.5158      
23.24        36.5158      
23.26        36.5158      
23.28        36.5158      
23.3         36.5159      
23.32        36.5159      
23.34        36.5159      
23.36        36.5159      
23.38        36.516       
23.4         36.516       
23.42        36.516       
23.44        36.5161      
23.46        36.5161      
23.48        36.5161      
23.5         36.5161      
23.52        36.5162      
23.54        36.5162      
23.56        36.5162      
23.58        36.5162      
23.6         36.5163      
23.62        36.5163      
23.64        36.5163      
23.66        36.5163      
23.68        36.5164      
23.7         36.5164      
23.72        36.5164      
23.74        36.5164      
23.76        36.5165      
23.78        36.5165      
23.8         36.5165      
23.82        36.5165      
23.84        36.5166      
23.86        36.5166      
23.88        36.5166      
23.9         36.5166      
23.92        36.5166      
23.94        36.5167      
23.96        36.5167      
23.98        36.5167      
24           36.5167      
24.02        36.5168      
24.04        36.5168      
24.06        36.5168      
24.08        36.5168      
24.1         36.5168      
24.12        36.5169      
24.14        36.5169      
24.16        36.5169      
24.18        36.5169      
24.2         36.5169      
24.22        36.517       
24.24        36.517       
24.26        36.517       
24.28        36.517       
24.3         36.517       
24.32        36.5171      
24.34        36.5171      
24.36        36.5171      
24.38        36.5171      
24.4         36.5171      
24.42        36.5172      
24.44        36.5172      
24.46        36.5172      
24.48        36.5172      
24.5         36.5172      
24.52        36.5172      
24.54        36.5173      
24.56        36.5173      
24.58        36.5173      
24.6         36.5173      
24.62        36.5173      
24.64        36.5173      
24.66        36.5174      
24.68        36.5174      
24.7         36.5174      
24.72        36.5174      
24.74        36.5174      
24.76        36.5174      
24.78        36.5175      
24.8         36.5175      
24.82        36.5175      
24.84        36.5175      
24.86        36.5175      
24.88        36.5175      
24.9         36.5175      
24.92        36.5175      
24.94        36.5176      
24.96        36.5176      
24.98        36.5176      
25           36.5176      
25.02        36.5176      
25.04        36.5176      
25.06        36.5176      
25.08        36.5176      
25.1         36.5177      
25.12        36.5177      
25.14        36.5177      
25.16        36.5177      
25.18        36.5177      
25.2         36.5177      
25.22        36.5177      
25.24        36.5177      
25.26        36.5177      
25.28        36.5177      
25.3         36.5177      
25.32        36.5177      
25.34        36.5178      
25.36        36.5178      
25.38        36.5178      
25.4         36.5178      
25.42        36.5178      
25.44        36.5178      
25.46        36.5178      
25.48        36.5178      
25.5         36.5178      
25.52        36.5178      
25.54        36.5178      
25.56        36.5178      
25.58        36.5178      
25.6         36.5178      
25.62        36.5178      
25.64        36.5178      
25.66        36.5178      
25.68        36.5178      
25.7         36.5178      
25.72        36.5178      
25.74        36.5178      
25.76        36.5178      
25.78        36.5178      
25.8         36.5178      
25.82        36.5178      
25.84        36.5178      
25.86        36.5178      
25.88        36.5178      
25.9         36.5178      
25.92        36.5178      
25.94        36.5178      
25.96        36.5178      
25.98        36.5178      
26           36.5178      
26.02        36.5178      
26.04        36.5178      
26.06        36.5178      
26.08        36.5178      
26.1         36.5178      
26.12        36.5178      
26.14        36.5178      
26.16        36.5178      
26.18        36.5178      
26.2         36.5177      
26.22        36.5177      
26.24        36.5177      
26.26        36.5177      
26.28        36.5177      
26.3         36.5177      
26.32        36.5177      
26.34        36.5177      
26.36        36.5177      
26.38        36.5177      
26.4         36.5176      
26.42        36.5176      
26.44        36.5176      
26.46        36.5176      
26.48        36.5176      
26.5         36.5176      
26.52        36.5176      
26.54        36.5176      
26.56        36.5175      
26.58        36.5175      
26.6         36.5175      
26.62        36.5175      
26.64        36.5175      
26.66        36.5175      
26.68        36.5174      
26.7         36.5174      
26.72        36.5174      
26.74        36.5174      
26.76        36.5174      
26.78        36.5173      
26.8         36.5173      
26.82        36.5173      
26.84        36.5173      
26.86        36.5173      
26.88        36.5172      
26.9         36.5172      
26.92        36.5172      
26.94        36.5172      
26.96        36.5171      
26.98        36.5171      
27           36.5171      
27.02        36.5171      
27.04        36.517       
27.06        36.517       
27.08        36.517       
27.1         36.517       
27.12        36.5169      
27.14        36.5169      
27.16        36.5169      
27.18        36.5169      
27.2         36.5168      
27.22        36.5168      
27.24        36.5168      
27.26        36.5167      
27.28        36.5167      
27.3         36.5167      
27.32        36.5166      
27.34        36.5166      
27.36        36.5166      
27.38        36.5166      
27.4         36.5165      
27.42        36.5165      
27.44        36.5165      
27.46        36.5164      
27.48        36.5164      
27.5         36.5164      
27.52        36.5163      
27.54        36.5163      
27.56        36.5162      
27.58        36.5162      
27.6         36.5162      
27.62        36.5161      
27.64        36.5161      
27.66        36.5161      
27.68        36.516       
27.7         36.516       
27.72        36.5159      
27.74        36.5159      
27.76        36.5159      
27.78        36.5158      
27.8         36.5158      
27.82        36.5157      
27.84        36.5157      
27.86        36.5157      
27.88        36.5156      
27.9         36.5156      
27.92        36.5155      
27.94        36.5155      
27.96        36.5155      
27.98        36.5154      
28           36.5154      
28.02        36.5153      
28.04        36.5153      
28.06        36.5152      
28.08        36.5152      
28.1         36.5152      
28.12        36.5151      
28.14        36.5151      
28.16        36.515       
28.18        36.515       
28.2         36.515       
28.22        36.5149      
28.24        36.5149      
28.26        36.5148      
28.28        36.5148      
28.3         36.5147      
28.32        36.5147      
28.34        36.5146      
28.36        36.5146      
28.38        36.5146      
28.4         36.5145      
28.42        36.5145      
28.44        36.5144      
28.46        36.5144      
28.48        36.5144      
28.5         36.5143      
28.52        36.5143      
28.54        36.5142      
28.56        36.5142      
28.58        36.5142      
28.6         36.5141      
28.62        36.5141      
28.64        36.514       
28.66        36.514       
28.68        36.514       
28.7         36.5139      
28.72        36.5139      
28.74        36.5139      
28.76        36.5138      
28.78        36.5138      
28.8         36.5138      
28.82        36.5137      
28.84        36.5137      
28.86        36.5137      
28.88        36.5136      
28.9         36.5136      
28.92        36.5136      
28.94        36.5135      
28.96        36.5135      
28.98        36.5135      
29           36.5135      
29.02        36.5134      
29.04        36.5134      
29.06        36.5134      
29.08        36.5134      
29.1         36.5134      
29.12        36.5134      
29.14        36.5133      
29.16        36.5133      
29.18        36.5133      
29.2         36.5133      
29.22        36.5133      
29.24        36.5133      
29.26        36.5133      
29.28        36.5133      
29.3         36.5133      
29.32        36.5133      
29.34        36.5133      
29.36        36.5133      
29.38        36.5133      
29.4         36.5133      
29.42        36.5133      
29.44        36.5134      
29.46        36.5134      
29.48        36.5134      
29.5         36.5134      
29.52        36.5134      
29.54        36.5135      
29.56        36.5135      
29.58        36.5135      
29.6         36.5136      
29.62        36.5136      
29.64        36.5137      
29.66        36.5137      
29.68        36.5138      
29.7         36.5138      
29.72        36.5139      
29.74        36.5139      
29.76        36.514       
29.78        36.5141      
29.8         36.5141      
29.82        36.5142      
29.84        36.5143      
29.86        36.5144      
29.88        36.5145      
29.9         36.5145      
29.92        36.5146      
29.94        36.5147      
29.96        36.5148      
29.98        36.515       
30           36.5151      
30.02        36.5152      
30.04        36.5153      
30.06        36.5154      
30.08        36.5156      
30.1         36.5157      
30.12        36.5159      
30.14        36.516       
30.16        36.5162      
30.18        36.5163      
30.2         36.5165      
30.22        36.5167      
30.24        36.5168      
30.26        36.517       
30.28        36.5172      
30.3         36.5174      
30.32        36.5176      
30.34        36.5178      
30.36        36.518       
30.38        36.5183      
30.4         36.5185      
30.42        36.5187      
30.44        36.519       
30.46        36.5192      
30.48        36.5195      
30.5         36.5197      
30.52        36.52        
30.54        36.5203      
30.56        36.5206      
30.58        36.5209      
30.6         36.5212      
30.62        36.5215      
30.64        36.5218      
30.66        36.5222      
30.68        36.5225      
30.7         36.5229      
30.72        36.5232      
30.74        36.5236      
30.76        36.524       
30.78        36.5244      
30.8         36.5248      
30.82        36.5252      
30.84        36.5256      
30.86        36.526       
30.88        36.5265      
30.9         36.5269      
30.92        36.5274      
30.94        36.5279      
30.96        36.5283      
30.98        36.5288      
31           36.5294      
31.02        36.5299      
31.04        36.5304      
31.06        36.531       
31.08        36.5316      
31.1         36.5321      
31.12        36.5327      
31.14        36.5333      
31.16        36.534       
31.18        36.5346      
31.2         36.5353      
31.22        36.5359      
31.24        36.5366      
31.26        36.5373      
31.28        36.5381      
31.3         36.5388      
31.32        36.5396      
31.34        36.5404      
31.36        36.5412      
31.38        36.542       
31.4         36.5428      
31.42        36.5437      
31.44        36.5446      
31.46        36.5455      
31.48        36.5464      
31.5         36.5473      
31.52        36.5483      
31.54        36.5493      
31.56        36.5503      
31.58        36.5514      
31.6         36.5525      
31.62        36.5536      
31.64        36.5547      
31.66        36.5559      
31.68        36.5571      
31.7         36.5583      
31.72        36.5595      
31.74        36.5608      
31.76        36.5622      
31.78        36.5635      
31.8         36.5649      
31.82        36.5663      
31.84        36.5678      
31.86        36.5693      
31.88        36.5709      
31.9         36.5725      
31.92        36.5741      
31.94        36.5758      
31.96        36.5775      
31.98        36.5793      
32           36.5811      
32.02        36.5829      
32.04        36.5849      
32.06        36.5868      
32.08        36.5889      
32.1         36.591       
32.12        36.5931      
32.14        36.5953      
32.16        36.5976      
32.18        36.5999      
32.2         36.6023      
32.22        36.6048      
32.24        36.6073      
32.26        36.6099      
32.28        36.6126      
32.3         36.6154      
32.32        36.6182      
32.34        36.6211      
32.36        36.6241      
32.38        36.6272      
32.4         36.6304      
32.42        36.6337      
32.44        36.6371      
32.46        36.6405      
32.48        36.6441      
32.5         36.6478      
32.52        36.6515      
32.54        36.6554      
32.56        36.6594      
32.58        36.6635      
32.6         36.6677      
32.62        36.672       
32.64        36.6764      
32.66        36.681       
32.68        36.6857      
32.7         36.6905      
32.72        36.6954      
32.74        36.7005      
32.76        36.7057      
32.78        36.711       
32.8         36.7164      
32.82        36.722       
32.84        36.7277      
32.86        36.7336      
32.88        36.7396      
32.9         36.7457      
32.92        36.752       
32.94        36.7584      
32.96        36.7649      
32.98        36.7716      
33           36.7785      
33.02        36.7854      
33.04        36.7925      
33.06        36.7997      
33.08        36.8071      
33.1         36.8146      
33.12        36.8222      
33.14        36.83        
33.16        36.8379      
33.18        36.8459      
33.2         36.854       
33.22        36.8623      
33.24        36.8707      
33.26        36.8792      
33.28        36.8878      
33.3         36.8966      
33.32        36.9054      
33.34        36.9144      
33.36        36.9235      
33.38        36.9327      
33.4         36.942       
33.42        36.9514      
33.44        36.9608      
33.46        36.9704      
33.48        36.9801      
33.5         36.9899      
33.52        36.9998      
33.54        37.0097      
33.56        37.0197      
33.58        37.0299      
33.6         37.0401      
33.62        37.0503      
33.64        37.0607      
33.66        37.0711      
33.68        37.0816      
33.7         37.0922      
33.72        37.1028      
33.74        37.1136      
33.76        37.1243      
33.78        37.1352      
33.8         37.1461      
33.82        37.157       
33.84        37.168       
33.86        37.1791      
33.88        37.1902      
33.9         37.2014      
33.92        37.2126      
33.94        37.2239      
33.96        37.2352      
33.98        37.2466      
34           37.258       
34.02        37.2695      
34.04        37.281       
34.06        37.2926      
34.08        37.3042      
34.1         37.3158      
34.12        37.3275      
34.14        37.3392      
34.16        37.351       
34.18        37.3627      
34.2         37.3746      
34.22        37.3864      
34.24        37.3983      
34.26        37.4102      
34.28        37.4222      
34.3         37.4342      
34.32        37.4462      
34.34        37.4583      
34.36        37.4703      
34.38        37.4824      
34.4         37.4946      
34.42        37.5067      
34.44        37.5189      
34.46        37.5311      
34.48        37.5434      
34.5         37.5556      
34.52        37.5679      
34.54        37.5802      
34.56        37.5926      
34.58        37.6049      
34.6         37.6173      
34.62        37.6297      
34.64        37.6422      
34.66        37.6546      
34.68        37.6671      
34.7         37.6796      
34.72        37.6921      
34.74        37.7046      
34.76        37.7172      
34.78        37.7297      
34.8         37.7423      
34.82        37.7549      
34.84        37.7675      
34.86        37.7802      
34.88        37.7928      
34.9         37.8055      
34.92        37.8182      
34.94        37.8309      
34.96        37.8436      
34.98        37.8564      
35           37.8691      
35.02        37.8819      
35.04        37.8947      
35.06        37.9075      
35.08        37.9203      
35.1         37.9331      
35.12        37.946       
35.14        37.9589      
35.16        37.9717      
35.18        37.9846      
35.2         37.9975      
35.22        38.0104      
35.24        38.0234      
35.26        38.0363      
35.28        38.0493      
35.3         38.0622      
35.32        38.0752      
35.34        38.0882      
35.36        38.1012      
35.38        38.1143      
35.4         38.1273      
35.42        38.1403      
35.44        38.1534      
35.46        38.1665      
35.48        38.1795      
35.5         38.1926      
35.52        38.2057      
35.54        38.2188      
35.56        38.232       
35.58        38.2451      
35.6         38.2583      
35.62        38.2714      
35.64        38.2846      
35.66        38.2978      
35.68        38.311       
35.7         38.3242      
35.72        38.3374      
35.74        38.3506      
35.76        38.3638      
35.78        38.3771      
35.8         38.3903      
35.82        38.4036      
35.84        38.4169      
35.86        38.4302      
35.88        38.4435      
35.9         38.4568      
35.92        38.4701      
35.94        38.4834      
35.96        38.4967      
35.98        38.5101      
36           38.5234      
36.02        38.5368      
36.04        38.5502      
36.06        38.5635      
36.08        38.5769      
36.1         38.5903      
36.12        38.6037      
36.14        38.6171      
36.16        38.6306      
36.18        38.644       
36.2         38.6574      
36.22        38.6709      
36.24        38.6844      
36.26        38.6978      
36.28        38.7113      
36.3         38.7248      
36.32        38.7383      
36.34        38.7518      
36.36        38.7653      
36.38        38.7788      
36.4         38.7923      
36.42        38.8059      
36.44        38.8194      
36.46        38.833       
36.48        38.8465      
36.5         38.8601      
36.52        38.8737      
36.54        38.8873      
36.56        38.9009      
36.58        38.9145      
36.6         38.9281      
36.62        38.9417      
36.64        38.9553      
36.66        38.969       
36.68        38.9826      
36.7         38.9963      
36.72        39.0099      
36.74        39.0236      
36.76        39.0372      
36.78        39.0509      
36.8         39.0646      
36.82        39.0783      
36.84        39.092       
36.86        39.1057      
36.88        39.1194      
36.9         39.1332      
36.92        39.1469      
